structure(list(`No of Carbon` = c(7, 7, 7, 7, 7, 7, 8, 8, 8, 
8, 8, 8, 8, 8, 8, 8, 8, 8, 8, 8, 8, 8, 8, 8, 8, 9, 9, 9, 9, 9, 
9, 9, 9, 9, 9, 9, 9, 9, 9, 10, 10, 10, 10, 10, 10, 10, 10, 10, 
6, 6, 6, 6, 6, 8, 8, 8, 8, 8, 8, 8, 8, 8, 8, 8, 8, 8, 8, 8, 8, 
8, 8, 8, 8, 8, 8, 8, 8, 8, 2, 2, 6, 6, 6, 4, 8, 8, 8, 8, 8, 8, 
8, 8, 11, 11, 11, 11, 11, 13, 13, 13, 11, 11, 12, 12, 11, 11, 
6, 6, 6, 6, 6, 6, 6, 6, 6, 6, 6, 6, 6, 6, 6, 6, 6, 6, 6, 6, 6, 
6, 6, 6, 5, 5, 5, 5, 5, 5, 5, 5, 5, 5, 5, 5, 5, 5, 5, 5, 5, 5, 
5, 5, 5, 5, 5, 5, 8, 8, 8, 8, 8, 8, 8, 8, 8, 8, 8, 8, 8, 8, 8, 
8, 8, 8, 8, 8, 8, 8, 8, 8, 8, 8, 8, 8, 8, 8, 8, 8, 8, 8, 8, 8, 
8, 8, 8, 8, 4, 4, 4, 4, 4, 4, 4, 4, 4, 4, 4, 4, 4, 4, 4, 4, 4, 
4, 4, 4, 4, 4, 4, 6, 6, 6, 6, 6, 6, 6, 6, 6, 6, 6, 6, 6, 6, 6, 
6, 6, 6, 6, 6, 6, 6, 6, 6, 6, 6, 6, 6, 6, 6, 6, 6, 6, 6, 6, 6, 
8, 8, 8, 8, 8, 8, 8, 8, 8, 8, 8, 8, 8, 8, 8, 8, 8, 8, 8, 8, 8, 
8, 8, 8, 8, 8, 8, 8, 8, 8, 8, 8, 8, 8, 8, 8, 8, 8, 8, 7, 7, 7, 
7, 7, 7, 7, 7, 7, 7, 7, 7, 7, 7, 7, 7, 7, 7, 7, 7, 7, 7, 7, 7, 
7, 7, 7, 7, 9, 9, 9, 9, 9, 9, 9, 9, 9, 9, 9, 9, 9, 9, 9, 9, 9, 
9, 9, 9, 9, 9, 9, 9, 9, 9, 10, 10, 10, 10, 10, 10, 10, 10, 10, 
10, 10, 10, 10, 10, 10, 10, 10, 10, 10, 10, 10, 10, 10, 10, 10, 
10, 4, 4, 4, 4, 4, 4, 4, 4, 4, 4, 4, 4, 4, 4, 4, 4, 4, 4, 4, 
4, 5, 5, 5, 5, 5, 4, 4, 4, 4, 4, 6, 6, 6, 6, 6, 7, 7, 7, 7, 7, 
7, 9, 9, 9, 9, 10, 10, 10, 10, 10, 10, 10, 10, 10, 6, 6, 6, 8, 
8, 8, 8, 11, 11, 11, 11, 11, 11, 11, 11, 11, 11, 11, 11, 11, 
12, 12, 12, 12, 12, 12, 12, 12, 12, 12, 12, 12, 12, 12, 12, 12, 
12, 12, 12, 12, 12, 12, 12, 12, 12, 12, 12, 13, 13, 13, 14, 14, 
14, 8, 8, 8, 8, 8, 8, 8, 8, 8, 8, 8, 8, 8, 8, 8, 8, 8, 8, 8, 
8, 8, 8, 8, 8, 8, 8, 8, 8, 8, 8, 8, 8, 8, 8, 8, 8, 8, 8, 8, 8, 
8, 8, 10, 10, 10, 10, 10, 10, 6, 6, 6, 6, 6, 8, 8, 8, 11, 11, 
11, 11, 11, 11, 11, 11, 11, 11, 11, 11, 11, 11, 11, 11, 11, 11, 
10, 10, 10, 10, 6, 6, 6, 6, 6, 6, 6, 6, 6, 6, 6, 6, 9, 9, 9, 
9, 9, 9, 9, 9, 9, 9, 9, 9, 6, 6, 8, 8, 8, 8, 8, 8, 8, 8, 8, 8, 
8, 8, 10, 10, 10, 10, 10, 8, 8, 8, 8, 8, 8, 8, 8, 8, 4, 4, 4, 
4, 4, 6, 6, 6, 6, 6, 8, 8, 8, 8, 8, 9, 9, 9, 9, 9, 10, 10, 10, 
10, 10, 11, 11, 11, 11, 11, 6, 6, 6, 6, 6, 8, 8, 8, 8, 8, 8, 
8, 8, 8, 8, 8, 8, 8, 6, 6, 6, 6, 8, 8, 8, 8, 8, 8, 8, 8, 6, 6, 
6, 6, 8, 8, 8, 8, 8, 8, 8, 8, 6, 6, 6, 6, 8, 8, 8, 8, 8, 8, 8, 
8, 6, 6, 6, 6, 8, 8, 8, 8, 8, 8, 8, 8, 6, 6, 6, 6, 8, 8, 8, 8, 
8, 8, 8, 8, 6, 6, 6, 6, 8, 8, 8, 8, 8, 8, 6, 6, 6, 8, 8, 8, 8, 
8, 8, 6, 6, 6, 8, 8, 8, 8, 8, 8, 8, 8, 6, 6, 6, 6, 8, 8, 8, 8, 
6, 6, 8, 8, 8, 8, 8, 8, 8, 8, 6, 6, 6, 6, 8, 8, 8, 8, 8, 8, 8, 
8, 6, 6, 6, 6, 8, 8, 8, 8, 8, 8, 8, 8, 6, 6, 6, 6, 8, 8, 8, 8, 
6, 6, 8, 8, 8, 8, 6, 6, 8, 8, 8, 8, 6, 6, 8, 8, 6, 8, 8, 8, 8, 
8, 8, 8, 8, 6, 6, 6, 6, 8, 8, 6, 8, 8, 8, 8, 6, 6, 8, 8, 6, 8, 
8, 6, 8, 8, 8, 8, 8, 8, 8, 8, 6, 6, 6, 6, 8, 8, 8, 8, 8, 8, 6, 
6, 6, 8, 8, 8, 8, 6, 6, 8, 8, 8, 8, 8, 8, 8, 8, 6, 6, 6, 6, 8, 
8, 8, 8, 8, 8, 8, 8, 6, 6, 6, 6, 8, 8, 8, 8, 6, 6, 8, 8, 8, 8, 
8, 8, 8, 8, 6, 6, 6, 6, 8, 8, 8, 8, 8, 8, 8, 8, 6, 6, 6, 6, 8, 
8, 8, 8, 8, 8, 6, 6, 6, 8, 8, 8, 8, 8, 8, 8, 8, 6, 6, 6, 6, 8, 
8, 6, 8, 8, 6, 8, 8, 6, 8, 8, 6, 8, 8, 8, 8, 6, 6, 8, 8, 8, 8, 
8, 8, 8, 8, 6, 6, 6, 6, 8, 8, 8, 8, 8, 8, 8, 8, 6, 6, 6, 6, 8, 
8, 8, 8, 8, 8, 8, 8, 6, 6, 6, 6, 8, 8, 8, 8, 8, 8, 8, 8, 6, 6, 
6, 6, 8, 8, 8, 8, 8, 8, 8, 8, 6, 6, 6, 6, 8, 8, 8, 8, 8, 8, 8, 
8, 6, 6, 6, 6, 8, 8, 8, 8, 8, 8, 8, 8, 6, 6, 6, 6, 8, 8, 8, 8, 
8, 8, 8, 8, 6, 6, 6, 6, 8, 8, 8, 8, 8, 8, 8, 8, 6, 6, 6, 6, 8, 
8, 8, 8, 8, 8, 8, 8, 6, 6, 6, 6, 5, 5, 5, 5, 5, 5, 5, 5, 5, 5, 
5, 5, 5, 5, 5, 4, 4, 4, 4, 4, 10, 10, 10, 10, 10, 10, 10, 10, 
10, 10, 10, 10, 10, 10, 10, 10, 10, 10, 8, 8, 8, 8, 8, 8, 8, 
8, 8, 8, 8, 8, 8, 8, 8, 8, 8, 8, 8, 8, 8, 8, 8, 8, 8, 8, 8, 8, 
8, 8, 8, 8, 8, 8, 8, 8, 8, 8, 8, 8, 8, 8, 8, 8, 8, 8, 8, 8, 8, 
8, 8, 8, 8, 8, 8, 8, 8, 8, 9, 9, 9, 9, 9, 9, 9, 9, 9, 9, 9, 9, 
9, 9, 9, 9, 9, 9, 9, 9, 9, 9, 9, 9, 9, 9, 9, 9, 9, 9, 7, 7, 7, 
7, 7, 7, 7, 7, 7, 7, 7, 7, 6, 6, 6, 6, 6, 6, 6, 6, 6, 6, 6, 6, 
6, 6, 6, 6, 6, 6, 6, 6, 6, 6, 6, 6, 4, 4, 4, 4, 4, 4, 4, 4, 11, 
12, 8, 12), `Functional Group` = c("Carboxylate", "Carboxylate", 
"Carboxylate", "Carboxylate", "Carboxylate", "Carboxylate", "Carboxylate", 
"Carboxylate", "Carboxylate", "Carboxylate", "Carboxylate", "Carboxylate", 
"Carboxylate", "Carboxylate", "Carboxylate", "Carboxylate", "Carboxylate", 
"Carboxylate", "Carboxylate", "Carboxylate", "Carboxylate", "Carboxylate", 
"Carboxylate", "Carboxylate", "Carboxylate", "Carboxylate", "Carboxylate", 
"Carboxylate", "Carboxylate", "Carboxylate", "Carboxylate", "Carboxylate", 
"Carboxylate", "Carboxylate", "Carboxylate", "Carboxylate", "Carboxylate", 
"Carboxylate", "Carboxylate", "Carboxylate", "Carboxylate", "Carboxylate", 
"Carboxylate", "Carboxylate", "Carboxylate", "Carboxylate", "Carboxylate", 
"Carboxylate", "Sulfonate", "Sulfonate", "Sulfonate", "Sulfonate", 
"Sulfonate", "Sulfonate", "Sulfonate", "Sulfonate", "Sulfonate", 
"Sulfonate", "Sulfonate", "Sulfonate", "Sulfonate", "Sulfonate", 
"Sulfonate", "Sulfonate", "Sulfonate", "Sulfonate", "Sulfonate", 
"Sulfonate", "Sulfonate", "Sulfonate", "Sulfonate", "Sulfonate", 
"Sulfonate", "Sulfonate", "Sulfonate", "Sulfonate", "Sulfonate", 
"Sulfonate", "Carboxylate", "Carboxylate", "Carboxylate", "Carboxylate", 
"Carboxylate", "Sulfonate", "Sulfonamide", "Sulfonamide", "Sulfonamide", 
"Carboxylate", "Carboxylate", "Carboxylate", "Carboxylate", "Carboxylate", 
"Carboxylate", "Carboxylate", "Carboxylate", "Carboxylate", "Carboxylate", 
"Carboxylate", "Carboxylate", "Carboxylate", "Carboxylate", "Carboxylate", 
"Carboxylate", "Carboxylate", "Carboxylate", "Carboxylate", "Carboxylate", 
"Carboxylate", "Carboxylate", "Carboxylate", "Carboxylate", "Carboxylate", 
"Carboxylate", "Carboxylate", "Carboxylate", "Carboxylate", "Carboxylate", 
"Carboxylate", "Carboxylate", "Carboxylate", "Carboxylate", "Carboxylate", 
"Carboxylate", "Carboxylate", "Carboxylate", "Carboxylate", "Carboxylate", 
"Carboxylate", "Carboxylate", "Carboxylate", "Carboxylate", "Carboxylate", 
"Carboxylate", "Carboxylate", "Carboxylate", "Carboxylate", "Carboxylate", 
"Carboxylate", "Carboxylate", "Carboxylate", "Carboxylate", "Carboxylate", 
"Carboxylate", "Carboxylate", "Carboxylate", "Carboxylate", "Carboxylate", 
"Carboxylate", "Carboxylate", "Carboxylate", "Carboxylate", "Carboxylate", 
"Carboxylate", "Carboxylate", "Carboxylate", "Carboxylate", "Carboxylate", 
"Carboxylate", "Carboxylate", "Carboxylate", "Carboxylate", "Carboxylate", 
"Carboxylate", "Carboxylate", "Carboxylate", "Carboxylate", "Carboxylate", 
"Carboxylate", "Carboxylate", "Carboxylate", "Carboxylate", "Carboxylate", 
"Carboxylate", "Carboxylate", "Carboxylate", "Carboxylate", "Carboxylate", 
"Carboxylate", "Carboxylate", "Carboxylate", "Carboxylate", "Carboxylate", 
"Carboxylate", "Carboxylate", "Carboxylate", "Carboxylate", "Carboxylate", 
"Carboxylate", "Carboxylate", "Carboxylate", "Carboxylate", "Carboxylate", 
"Carboxylate", "Carboxylate", "Sulfonate", "Sulfonate", "Sulfonate", 
"Sulfonate", "Sulfonate", "Sulfonate", "Sulfonate", "Sulfonate", 
"Sulfonate", "Sulfonate", "Sulfonate", "Sulfonate", "Sulfonate", 
"Sulfonate", "Sulfonate", "Sulfonate", "Sulfonate", "Sulfonate", 
"Sulfonate", "Sulfonate", "Sulfonate", "Sulfonate", "Sulfonate", 
"Sulfonate", "Sulfonate", "Sulfonate", "Sulfonate", "Sulfonate", 
"Sulfonate", "Sulfonate", "Sulfonate", "Sulfonate", "Sulfonate", 
"Sulfonate", "Sulfonate", "Sulfonate", "Sulfonate", "Sulfonate", 
"Sulfonate", "Sulfonate", "Sulfonate", "Sulfonate", "Sulfonate", 
"Sulfonate", "Sulfonate", "Sulfonate", "Sulfonate", "Sulfonate", 
"Sulfonate", "Sulfonate", "Sulfonate", "Sulfonate", "Sulfonate", 
"Sulfonate", "Sulfonate", "Sulfonate", "Sulfonate", "Sulfonate", 
"Sulfonate", "Sulfonate", "Sulfonate", "Sulfonate", "Sulfonate", 
"Sulfonate", "Sulfonate", "Sulfonate", "Sulfonate", "Sulfonate", 
"Sulfonate", "Sulfonate", "Sulfonate", "Sulfonate", "Sulfonate", 
"Sulfonate", "Sulfonate", "Sulfonate", "Sulfonate", "Sulfonate", 
